0,0,4,1,2,1,1,1,1,0,0,0,1
0,1,4,1,2,0,0,0,1,1,1,1,1
0,2,4,1,2,1,1,1,1,1,0,0,0
0,3,4,1,2,1,0,0,0,1,1,1,1
0,4,4,2,1,1,1,1,1,0,0,0,1
0,5,4,2,1,1,0,0,0,1,1,1,1
0,6,4,2,1,1,1,1,1,1,0,0,0
0,7,4,2,1,0,0,0,1,1,1,1,1
0,8,2,4,1,1,0,1,0,1,0,1,1
0,9,2,4,1,1,1,0,1,0,1,0,1
0,10,2,4,1,0,1,0,1,0,1,1,1
0,11,2,4,1,1,1,1,0,1,0,1,0
0,12,2,1,4,1,0,1,0,1,0,1,1
0,13,2,1,4,1,1,0,1,0,1,0,1
0,14,2,1,4,1,1,1,0,1,0,1,0
0,15,2,1,4,0,1,0,1,0,1,1,1
0,16,1,2,4,1,1,0,1,0,1,0,1
0,17,1,2,4,1,1,1,0,1,0,1,0
0,18,1,2,4,1,0,1,0,1,0,1,1
0,19,1,2,4,0,1,0,1,0,1,1,1
0,20,1,4,2,1,1,1,1,0,0,0,1
0,21,1,4,2,0,0,0,1,1,1,1,1
0,22,1,4,2,1,1,1,1,1,0,0,0
0,23,1,4,2,1,0,0,0,1,1,1,1
1,0,1,3,3,1,1,1,0,1,0,0,1,0
1,1,1,3,3,0,1,0,0,1,0,1,1,1
1,2,1,3,3,1,0,0,1,1,1,1,0,0
1,3,1,3,3,0,0,1,1,1,1,0,0,1
1,4,3,1,3,1,1,1,0,1,0,0,1,0
1,5,3,1,3,0,1,0,0,1,0,1,1,1
1,6,3,1,3,1,0,0,1,1,1,1,0,0
1,7,3,1,3,0,0,1,1,1,1,0,0,1
1,8,3,3,1,1,1,1,0,1,0,0,1,0
1,9,3,3,1,0,1,0,0,1,0,1,1,1
1,10,3,3,1,1,0,0,1,1,1,0,1,0
1,11,3,3,1,0,0,1,1,1,1,0,0,1
2,0,2,3,1,1,1,1,1,1,0
2,1,2,3,1,0,1,1,1,1,1
2,2,2,3,1,1,1,1,1,0,1
2,3,2,3,1,1,0,1,1,1,1
2,4,2,1,3,1,1,1,1,0,1
2,5,2,1,3,1,1,1,1,1,0
2,6,2,1,3,1,0,1,1,1,1
2,7,2,1,3,0,1,1,1,1,1
2,8,3,2,1,1,1,1,1,1,0
2,9,3,2,1,0,1,1,1,1,1
2,10,3,2,1,1,1,1,0,1,1
2,11,3,2,1,1,1,0,1,1,1
2,12,3,1,2,1,1,1,1,1,0
2,13,3,1,2,1,1,1,0,1,1
2,14,3,1,2,1,1,0,1,1,1
2,15,3,1,2,0,1,1,1,1,1
2,16,1,2,3,1,0,1,1,1,1
2,17,1,2,3,0,1,1,1,1,1
2,18,1,2,3,1,1,1,1,0,1
2,19,1,2,3,1,1,1,1,1,0
2,20,1,3,2,1,1,1,0,1,1
2,21,1,3,2,1,1,1,1,1,0
2,22,1,3,2,1,1,0,1,1,1
2,23,1,3,2,0,1,1,1,1,1
